0 781.2538508176804
1 721.5578286647797
2 608.5613201856613
3 535.3960697650909
4 445.36689108610153
5 405.4371030330658
6 345.23299330472946
7 325.44027030467987
8 301.4893811047077
9 273.37649393081665
10 274.9833835065365
11 264.3949707746506
12 238.97346371412277
13 253.68783476948738
14 242.57712656259537
15 240.9214749634266
16 218.74149250984192
17 235.38616463541985
18 227.2455574274063
19 223.65144377946854
20 215.11277323961258
21 212.56848752498627
22 189.70843455195427
23 224.50459709763527
24 214.92469882965088
25 190.96129655838013
26 214.02171024680138
27 185.93184366822243
28 190.40236920118332
29 195.11465972661972
30 186.40458357334137
31 192.68596720695496
32 202.47967320680618
33 195.8959065526724
34 182.89015232026577
35 188.73867854475975
36 183.4524489492178
37 174.67064228653908
38 179.64988562464714
39 185.4695676267147
40 178.2584699243307
41 180.6185273528099
42 166.20238482952118
43 189.01644018292427
44 167.67940390110016
45 168.35895355045795
46 164.52954903244972
47 174.20103415846825
48 171.63555406033993
49 164.40095625817776
50 162.66985173523426
51 172.68752697110176
52 148.6417977064848
53 148.8256063312292
54 165.5084404349327
55 165.69168937206268
56 156.87820203602314
57 160.69726711511612
58 152.69745245575905
59 147.2980464398861
60 149.01039770245552
61 151.97016115486622
62 171.54674772918224
63 150.52919240295887
64 144.30956752598286
65 153.17066963016987
66 143.52476175129414
67 146.2888046503067
68 147.469426587224
69 145.44249281287193
70 143.9257521480322
71 135.97297377884388
72 138.24510085582733
73 144.1923426091671
74 142.5838060081005
75 159.26689140498638
76 139.31500512361526
77 135.00738264620304
78 129.2517955750227
79 127.24691642820835
80 145.178879275918
81 126.60488161444664
82 127.78922176361084
83 137.87854835391045
84 124.62452115118504
85 116.33474765717983
86 123.59589424729347
87 139.88970036804676
88 131.43952679634094
89 134.61558182537556
90 118.75781792402267
91 116.09313207864761
92 127.2611096650362
93 124.71500727534294
94 124.65806014835835
95 119.69598978757858
96 110.37456040084362
97 108.71703858673573
98 122.16621455550194
99 100.96177352964878
100 111.0728976726532
101 104.35247752070427
102 108.59497451037169
103 100.23060669004917
104 104.18177555501461
105 109.87575403600931
106 104.23032586276531
107 98.63954263180494
108 92.77808729559183
109 89.1025924384594
110 91.53804747760296
111 91.92726776003838
112 85.38226936757565
113 88.85775291919708
114 90.63160742074251
115 78.51357103139162
116 82.05124485492706
117 87.97504507750273
118 85.98348553478718
119 88.76969457417727
120 79.0308324471116
121 94.61129923909903
122 72.9431186914444
123 72.09767422825098
124 67.73116568475962
125 73.50237028300762
126 62.77696933597326
127 65.14017888531089
128 74.13666857033968
129 60.82567225769162
130 65.50525844469666
131 67.85456712171435
132 68.76750435680151
133 54.37042276933789
134 66.49718248471618
135 53.84622384235263
136 58.22084738686681
137 51.24698081985116
138 55.65527115762234
139 51.684213533997536
140 55.68587090820074
141 57.93033318594098
142 46.5956356190145
143 44.282657254487276
144 43.087359208613634
145 43.148441821336746
146 40.526144437491894
147 40.23143603652716
148 38.72854277305305
149 32.65363388881087
150 34.02997394092381
151 33.84406440705061
152 33.66220923513174
153 33.20422834530473
154 25.2740312628448
155 31.30539368838072
156 24.082401673309505
157 23.817671962082386
158 19.847356188111007
159 19.28597600478679
160 19.27547905407846
161 16.516729248221964
162 16.16680487152189
163 16.909263216424733
164 14.279171262634918
165 16.32107047457248
166 11.098646257305518
167 10.801466760458425
168 9.638257386628538
169 8.853487027343363
170 8.377654656535015
171 6.217800290789455
172 5.926647515385412
173 5.128534063580446
174 4.367188574862666
175 5.147375592845492
176 3.9762504606042057
177 3.504949059919454
178 2.884414656960871
179 2.5293640620075166
180 2.877858691092115
181 2.4360063039930537
182 2.315181140846107
183 1.980219415621832
184 1.93231193756219
185 1.7052116646664217
186 1.7787753626471385
187 1.5329142819391564
188 1.5896479714429006
189 1.4547409476945177
190 1.3417832821141928
191 1.5157314570969902
192 1.4012958586681634
193 1.4674162739538588
194 1.3974910143879242
195 1.3340837000287138
196 1.270627543097362
197 1.3235582201741636
198 1.1820140334311873
199 1.3045051957014948
