0 761.8591722249985
1 657.3557977676392
2 534.9838365316391
3 458.9932025074959
4 380.87282061576843
5 348.31428974866867
6 322.79183381795883
7 301.0953889489174
8 283.0383619070053
9 268.7455690205097
10 264.68445444107056
11 260.988227635622
12 228.09141877293587
13 243.91195288300514
14 233.7676566839218
15 216.97032657265663
16 233.93132677674294
17 194.73801240324974
18 221.77806785702705
19 215.01139968633652
20 190.1899700164795
21 202.84072974324226
22 198.57202896475792
23 201.18681409955025
24 195.52055662870407
25 202.08765617012978
26 187.52128380537033
27 206.2182984650135
28 202.08527424931526
29 197.34489703178406
30 206.86709025502205
31 202.45858153700829
32 187.67428414523602
33 188.3753892481327
34 191.4233756661415
35 187.30152828991413
36 170.70256634056568
37 166.58589044213295
38 177.32368291914463
39 167.88197593390942
40 182.00927698612213
41 179.30855399370193
42 176.91127395629883
43 179.82890535891056
44 177.35465313494205
45 174.56830732524395
46 183.0148511081934
47 166.43098570406437
48 162.58019763231277
49 154.30679814517498
50 167.32481832802296
51 163.1345429867506
52 167.45521515607834
53 171.79307183623314
54 154.5909285545349
55 152.7029433697462
56 192.58865594863892
57 165.99461920559406
58 153.66679510474205
59 154.72104972600937
60 152.11170183122158
61 146.36019271612167
62 153.22224797308445
63 156.74628564715385
64 149.8832138031721
65 141.3224332779646
66 169.21922135353088
67 151.11017780005932
68 147.88612692058086
69 150.82741330564022
70 151.1176042854786
71 138.03480446338654
72 145.21664264798164
73 141.30583328008652
74 139.0988361388445
75 137.98002921044827
76 135.98267947137356
77 141.097530990839
78 128.45857752859592
79 149.16863831877708
80 138.71998827159405
81 129.2707672715187
82 130.20224972069263
83 146.49022276699543
84 132.2864312082529
85 137.2739479392767
86 144.5082866102457
87 140.86480486392975
88 132.50689332187176
89 133.92550663650036
90 126.95149691402912
91 131.06369480490685
92 118.16516351699829
93 127.39342799782753
94 125.76379510760307
95 128.63871952146292
96 124.45534670352936
97 120.29074469208717
98 105.23406222462654
99 117.52079319953918
100 120.17612156271935
101 114.68885752558708
102 116.03572085499763
103 112.28038369119167
104 98.4975954592228
105 113.60207916796207
106 104.57497654855251
107 108.83087043464184
108 111.01189789175987
109 104.47773701697588
110 121.56577874720097
111 112.4816356152296
112 99.25307378172874
113 99.89069398492575
114 90.77337194234133
115 89.92078567296267
116 92.76963487267494
117 84.34257929772139
118 86.4933660402894
119 85.56875370815396
120 81.4423323571682
121 85.2168800830841
122 87.21953997015953
123 77.84500902891159
124 82.5834466740489
125 84.07937759906054
126 81.06102887541056
127 85.15525895357132
128 71.49353185296059
129 76.29372396320105
130 69.38387610018253
131 70.53826972842216
132 72.13905067741871
133 69.09222695976496
134 59.57772657647729
135 56.9094012118876
136 58.93189822137356
137 55.90255554020405
138 61.33295440673828
139 65.6430401802063
140 54.15423020347953
141 56.96159428730607
142 48.684926226735115
143 57.41776769608259
144 47.18375406600535
145 45.918029103428125
146 46.415025785565376
147 40.522936498746276
148 37.806525306776166
149 36.3131248857826
150 39.64300316572189
151 38.21623187512159
152 34.26683581061661
153 29.08703359402716
154 38.58042445965111
155 31.184809068217874
156 27.942338367924094
157 27.18122898042202
158 23.24502733722329
159 21.35095711890608
160 23.377160787116736
161 19.775246663950384
162 17.771857793908566
163 18.214042925741524
164 15.039141521323472
165 14.401425231946632
166 11.88436445966363
167 11.692630932666361
168 11.132029195781797
169 11.0064932317473
170 8.356748718768358
171 8.587780826259404
172 7.27187897299882
173 5.658429716015235
174 6.115297361742705
175 4.9498150194995105
176 5.151340525364503
177 3.217913689557463
178 4.017894547258038
179 3.1076210316387005
180 2.6923622029135004
181 2.588638076384086
182 2.2379545309813693
183 2.3102191040525213
184 2.196778927638661
185 1.8825165819725953
186 1.780346351210028
187 1.8221652111969888
188 1.6629360452643596
189 1.7818474931409582
190 1.6047646047081798
191 1.6560082823853008
192 1.580811993626412
193 1.4107370108831674
194 1.530687354854308
195 1.3076406891923398
196 1.5162871248903684
197 1.320537842635531
198 1.4342359815491363
199 1.3568263916531578
