0 747.1645275354385
1 623.6388773918152
2 516.9169181585312
3 427.44644570350647
4 383.43484699726105
5 341.44981533288956
6 305.84226977825165
7 286.0368703007698
8 279.44126266241074
9 254.32300609350204
10 243.50981870293617
11 235.2753068804741
12 212.73046696186066
13 215.70338344573975
14 211.11085429787636
15 209.4752790927887
16 216.8926566839218
17 204.12816935777664
18 206.32380360364914
19 199.72251734137535
20 192.50624844431877
21 195.6019825041294
22 187.91583117842674
23 182.64414218068123
24 186.24460005760193
25 192.425950974226
26 186.8659244477749
27 186.5887033045292
28 186.13406413793564
29 193.59983202815056
30 179.4927680492401
31 179.2701597213745
32 169.68028669059277
33 177.7432223558426
34 166.55728915333748
35 179.91410678625107
36 180.13324108719826
37 169.08310355246067
38 176.58426746726036
39 165.16423635184765
40 156.61260637640953
41 158.39312241971493
42 159.92332816123962
43 183.3589952290058
44 157.3774794638157
45 163.25131414830685
46 167.48960602283478
47 149.43850803375244
48 160.9899777173996
49 171.3470457494259
50 160.8695264607668
51 161.43414318561554
52 151.0661653727293
53 167.36260932683945
54 158.424543723464
55 150.1788608133793
56 154.0011103451252
57 155.2641617655754
58 155.63977544009686
59 160.0386264026165
60 142.60922189056873
61 161.86322429776192
62 140.2410149872303
63 144.11312599480152
64 139.53093957901
65 147.97472673654556
66 145.47959111630917
67 152.31312151253223
68 142.91690926253796
69 140.98038130998611
70 144.84955869615078
71 145.7493881136179
72 130.20550973713398
73 144.11980071663857
74 142.12678706645966
75 131.65159098803997
76 148.4739701449871
77 132.8613908737898
78 128.73943550884724
79 134.0050415545702
80 142.48648083209991
81 132.14475280046463
82 136.52605056762695
83 132.31461688876152
84 127.38210295140743
85 149.04449826478958
86 132.60695607960224
87 125.06685552001
88 130.70145866274834
89 121.45376245677471
90 126.26335549354553
91 128.61295625567436
92 113.8455059826374
93 121.76660998910666
94 116.51013860106468
95 121.11908167600632
96 110.23237398266792
97 120.97642184793949
98 108.22335074096918
99 114.53547941148281
100 109.69230356812477
101 116.41757872700691
102 118.26345500349998
103 109.72657133638859
104 96.02775285393
105 99.5075653642416
106 101.83316697180271
107 95.29312911629677
108 106.849150583148
109 94.80292824655771
110 86.35413282364607
111 91.79188510030508
112 96.53706249594688
113 97.70314180105925
114 97.83259584754705
115 86.43755209445953
116 84.06139793992043
117 93.03298353403807
118 83.38327329605818
119 80.5472620986402
120 84.06987334787846
121 77.91173880919814
122 80.08991347253323
123 78.86261048167944
124 84.34066958725452
125 79.76089876145124
126 76.66376541554928
127 78.96509623900056
128 74.13945982977748
129 74.76181197911501
130 72.56518242880702
131 74.68970049917698
132 67.08989187702537
133 64.46618100628257
134 65.2617015093565
135 69.37635254114866
136 57.986293375492096
137 54.293628074228764
138 73.58154189959168
139 67.39081658050418
140 52.903811395168304
141 48.491359908133745
142 41.35594463534653
143 50.99248730018735
144 46.19725986942649
145 46.977004155516624
146 43.40310521610081
147 41.407802211120725
148 37.6966989422217
149 45.45752218179405
150 32.340940651483834
151 34.180380668491125
152 35.27703378815204
153 27.210997805930674
154 28.68745658081025
155 21.351520855445415
156 18.366918919607997
157 19.392035107128322
158 19.507216626079753
159 14.695791967213154
160 16.168004282284528
161 12.153595912037417
162 12.902649509254843
163 13.412208463763818
164 10.669496190268546
165 7.743093438330106
166 6.944308621343225
167 7.231159912887961
168 6.7685763807967305
169 5.028060833457857
170 3.7554999192943797
171 3.777373663848266
172 2.9913870148011483
173 2.5058136670850217
174 2.0535584126482718
175 1.949288448842708
176 1.770610437670257
177 1.7539967246411834
178 1.5263164156931452
179 1.3908145625609905
180 1.2375867206719704
181 1.0565962488180958
182 1.2532012829033192
183 1.0902518695802428
184 1.0476231268257834
185 0.9263437858317047
186 0.8646902249602135
187 0.7962632802664302
188 0.8278514865669422
189 0.8582722024293616
190 0.7890982410172
191 0.7359331451007165
192 0.8164777459169272
193 0.8547695166198537
194 0.7106948496657424
195 0.743195011978969
196 0.7558148987591267
197 0.7626352021470666
198 0.760502333228942
199 0.6637473527225666
